clc

// Cada esfera possui um determinado ângulo em relação ao eixo Ox, medido em rad, eu acho.


arcosVermelha = [0.6733237 0.7499173 0.7570457 0.7713146]
arcosVerde = [0.6343828 0.3302974 0.3304209 0.3313815]
arcosAzul = [0.6407837 0.736078 0.7386861 0.7386004]


